348292.000,5982664.000,1111.970
348210.000,5982666.000,1113.010
348212.000,5982666.000,1112.990
348214.000,5982666.000,1112.990
348216.000,5982666.000,1112.970
348230.000,5982666.000,1111.520
348232.000,5982666.000,1111.510
348234.000,5982666.000,1111.510
348236.000,5982666.000,1111.510
348242.000,5982666.000,1111.970
348244.000,5982666.000,1111.950
348246.000,5982666.000,1111.950
348248.000,5982666.000,1111.990
348250.000,5982666.000,1112.000
348252.000,5982666.000,1112.000
348254.000,5982666.000,1111.950
348256.000,5982666.000,1111.820
348258.000,5982666.000,1111.730
348260.000,5982666.000,1111.730
348262.000,5982666.000,1111.630
348264.000,5982666.000,1111.410
348266.000,5982666.000,1111.290
348268.000,5982666.000,1111.270
348270.000,5982666.000,1111.630
348272.000,5982666.000,1112.200
348274.000,5982666.000,1111.940
348276.000,5982666.000,1111.950
348278.000,5982666.000,1112.030
348280.000,5982666.000,1112.120
348282.000,5982666.000,1112.090
348284.000,5982666.000,1112.260
348286.000,5982666.000,1112.130
348288.000,5982666.000,1112.230
348290.000,5982666.000,1111.990
348292.000,5982666.000,1112.050
348294.000,5982666.000,1112.230
348296.000,5982666.000,1112.130
348298.000,5982666.000,1112.080
348300.000,5982666.000,1112.050
348302.000,5982666.000,1112.030
348206.000,5982668.000,1113.050
348208.000,5982668.000,1113.050
348210.000,5982668.000,1113.060
348212.000,5982668.000,1112.990
348214.000,5982668.000,1112.990
348216.000,5982668.000,1112.930
348218.000,5982668.000,1112.980
348224.000,5982668.000,1113.110
348226.000,5982668.000,1112.790
348228.000,5982668.000,1112.040
348230.000,5982668.000,1111.510
348232.000,5982668.000,1111.520
348234.000,5982668.000,1111.500
348236.000,5982668.000,1111.510
348238.000,5982668.000,1111.740
348240.000,5982668.000,1112.020
348242.000,5982668.000,1112.020
348244.000,5982668.000,1111.940
348246.000,5982668.000,1111.950
348248.000,5982668.000,1111.970
348250.000,5982668.000,1112.020
348252.000,5982668.000,1111.970
348254.000,5982668.000,1112.010
348256.000,5982668.000,1111.820
348258.000,5982668.000,1111.730
348260.000,5982668.000,1111.720
348262.000,5982668.000,1111.640
348264.000,5982668.000,1111.440
348266.000,5982668.000,1111.280
348268.000,5982668.000,1111.300
348270.000,5982668.000,1111.580
348272.000,5982668.000,1111.760
348274.000,5982668.000,1111.760
348276.000,5982668.000,1112.050
348278.000,5982668.000,1112.130
348280.000,5982668.000,1112.160
348282.000,5982668.000,1112.180
348284.000,5982668.000,1112.070
348286.000,5982668.000,1111.980
348288.000,5982668.000,1112.100
348290.000,5982668.000,1111.920
348292.000,5982668.000,1112.160
348294.000,5982668.000,1112.030
348296.000,5982668.000,1112.080
348298.000,5982668.000,1112.050
348300.000,5982668.000,1112.050
348302.000,5982668.000,1111.990
348304.000,5982668.000,1111.920
348306.000,5982668.000,1111.860
348308.000,5982668.000,1111.830
348310.000,5982668.000,1111.820
348194.000,5982670.000,1119.490
348196.000,5982670.000,1119.500
348198.000,5982670.000,1119.500
348204.000,5982670.000,1113.060
348206.000,5982670.000,1113.040
348208.000,5982670.000,1113.050
348210.000,5982670.000,1113.040
348212.000,5982670.000,1113.120
348214.000,5982670.000,1112.860
348216.000,5982670.000,1113.020
348218.000,5982670.000,1113.140
348220.000,5982670.000,1113.330
348222.000,5982670.000,1113.310
348224.000,5982670.000,1113.260
348226.000,5982670.000,1112.950
348228.000,5982670.000,1112.170
348230.000,5982670.000,1111.520
348232.000,5982670.000,1111.490
348234.000,5982670.000,1111.540
348236.000,5982670.000,1111.470
348238.000,5982670.000,1111.750
348240.000,5982670.000,1112.210
348242.000,5982670.000,1112.080
348244.000,5982670.000,1112.040
348246.000,5982670.000,1111.950
348248.000,5982670.000,1111.950
348250.000,5982670.000,1111.950
348252.000,5982670.000,1112.040
348254.000,5982670.000,1112.000
348256.000,5982670.000,1111.810
348258.000,5982670.000,1111.900
348260.000,5982670.000,1111.530
348262.000,5982670.000,1111.660
348264.000,5982670.000,1111.470
348266.000,5982670.000,1111.210
348268.000,5982670.000,1111.340
348270.000,5982670.000,1111.470
348272.000,5982670.000,1111.600
348274.000,5982670.000,1111.850
348276.000,5982670.000,1112.210
348278.000,5982670.000,1112.230
348280.000,5982670.000,1112.100
348282.000,5982670.000,1112.130
348284.000,5982670.000,1112.200
348286.000,5982670.000,1111.950
348288.000,5982670.000,1111.880
348290.000,5982670.000,1111.770
348292.000,5982670.000,1111.970
348294.000,5982670.000,1111.950
348296.000,5982670.000,1112.010
348298.000,5982670.000,1112.110
348300.000,5982670.000,1111.980
348302.000,5982670.000,1111.940
348304.000,5982670.000,1111.900
348306.000,5982670.000,1111.850
348308.000,5982670.000,1111.820
348310.000,5982670.000,1111.810
348312.000,5982670.000,1111.810
348192.000,5982672.000,1119.280
348194.000,5982672.000,1119.510
348196.000,5982672.000,1119.460
348198.000,5982672.000,1119.540
348200.000,5982672.000,1117.870
348202.000,5982672.000,1114.700
348204.000,5982672.000,1113.090
348206.000,5982672.000,1113.040
348208.000,5982672.000,1113.040
348210.000,5982672.000,1113.080
348212.000,5982672.000,1112.990
348214.000,5982672.000,1113.110
348216.000,5982672.000,1113.110
348218.000,5982672.000,1113.280
348220.000,5982672.000,1113.350
348222.000,5982672.000,1113.350
348224.000,5982672.000,1113.260
348226.000,5982672.000,1113.260
348228.000,5982672.000,1112.340
348230.000,5982672.000,1111.540
348232.000,5982672.000,1111.490
348234.000,5982672.000,1111.400
348236.000,5982672.000,1111.440
348238.000,5982672.000,1111.760
348240.000,5982672.000,1112.350
348242.000,5982672.000,1112.210
348244.000,5982672.000,1112.220
348246.000,5982672.000,1111.970
348248.000,5982672.000,1112.010
348250.000,5982672.000,1111.950
348252.000,5982672.000,1112.050
348254.000,5982672.000,1111.950
348256.000,5982672.000,1111.860
348258.000,5982672.000,1111.670
348260.000,5982672.000,1111.610
348262.000,5982672.000,1111.580
348264.000,5982672.000,1111.540
348266.000,5982672.000,1111.360
348268.000,5982672.000,1111.230
348270.000,5982672.000,1111.610
348272.000,5982672.000,1111.880
348274.000,5982672.000,1112.110
348276.000,5982672.000,1112.240
348278.000,5982672.000,1112.200
348280.000,5982672.000,1112.160
348282.000,5982672.000,1112.220
348284.000,5982672.000,1112.280
348286.000,5982672.000,1112.170
348288.000,5982672.000,1111.780
348290.000,5982672.000,1111.770
348292.000,5982672.000,1111.860
348294.000,5982672.000,1111.940
348296.000,5982672.000,1112.000
348298.000,5982672.000,1111.950
348300.000,5982672.000,1111.990
348302.000,5982672.000,1111.900
348304.000,5982672.000,1111.890
348306.000,5982672.000,1111.850
348308.000,5982672.000,1111.810
348310.000,5982672.000,1111.810
348312.000,5982672.000,1111.810
348314.000,5982672.000,1111.810
348188.000,5982674.000,1118.210
348190.000,5982674.000,1118.510
348192.000,5982674.000,1119.030
348194.000,5982674.000,1119.310
348196.000,5982674.000,1119.700
348198.000,5982674.000,1119.370
348200.000,5982674.000,1119.320
348202.000,5982674.000,1113.230
348204.000,5982674.000,1113.170
348206.000,5982674.000,1113.050
348208.000,5982674.000,1113.030
348210.000,5982674.000,1113.150
348212.000,5982674.000,1113.230
348214.000,5982674.000,1113.350
348216.000,5982674.000,1113.350
348218.000,5982674.000,1113.300
348220.000,5982674.000,1113.340
348222.000,5982674.000,1113.420
348224.000,5982674.000,1113.390
348226.000,5982674.000,1113.130
348228.000,5982674.000,1112.110
348230.000,5982674.000,1111.600
348232.000,5982674.000,1111.440
348234.000,5982674.000,1111.380
348236.000,5982674.000,1111.430
348238.000,5982674.000,1111.580
348240.000,5982674.000,1112.290
348242.000,5982674.000,1112.480
348244.000,5982674.000,1112.300
348246.000,5982674.000,1112.140
348248.000,5982674.000,1112.030
348250.000,5982674.000,1112.050
348252.000,5982674.000,1111.970
348254.000,5982674.000,1111.910
348256.000,5982674.000,1111.760
348258.000,5982674.000,1111.520
348260.000,5982674.000,1111.320
348262.000,5982674.000,1111.530
348264.000,5982674.000,1111.440
348266.000,5982674.000,1111.220
348268.000,5982674.000,1111.150
348270.000,5982674.000,1111.460
348272.000,5982674.000,1112.050
348274.000,5982674.000,1112.250
348276.000,5982674.000,1112.350
348278.000,5982674.000,1112.140
348280.000,5982674.000,1112.060
348282.000,5982674.000,1112.530
348284.000,5982674.000,1112.260
348286.000,5982674.000,1112.150
348288.000,5982674.000,1111.630
348290.000,5982674.000,1111.820
348292.000,5982674.000,1111.920
348294.000,5982674.000,1111.920
348296.000,5982674.000,1111.880
348298.000,5982674.000,1111.950
348300.000,5982674.000,1111.900
348302.000,5982674.000,1111.900
348304.000,5982674.000,1111.840
348306.000,5982674.000,1111.820
348308.000,5982674.000,1111.810
348310.000,5982674.000,1111.810
348312.000,5982674.000,1111.810
348314.000,5982674.000,1111.810
348316.000,5982674.000,1111.820
348322.000,5982674.000,1112.200
348324.000,5982674.000,1112.200
348182.000,5982676.000,1118.520
348184.000,5982676.000,1118.450
348186.000,5982676.000,1118.290
348188.000,5982676.000,1118.190
348190.000,5982676.000,1118.230
348192.000,5982676.000,1118.600
348194.000,5982676.000,1119.180
348196.000,5982676.000,1119.040
348198.000,5982676.000,1119.270
348200.000,5982676.000,1117.740
348202.000,5982676.000,1113.220
348204.000,5982676.000,1113.280
348206.000,5982676.000,1113.130
348208.000,5982676.000,1113.160
348210.000,5982676.000,1113.310
348212.000,5982676.000,1113.440
348214.000,5982676.000,1113.330
348216.000,5982676.000,1113.360
348218.000,5982676.000,1113.140
348220.000,5982676.000,1113.340
348222.000,5982676.000,1113.540
348224.000,5982676.000,1113.020
348226.000,5982676.000,1112.000
348228.000,5982676.000,1111.760
348230.000,5982676.000,1111.690
348232.000,5982676.000,1111.400
348234.000,5982676.000,1111.400
348236.000,5982676.000,1111.730
348238.000,5982676.000,1111.580
348240.000,5982676.000,1112.230
348242.000,5982676.000,1112.190
348244.000,5982676.000,1112.480
348246.000,5982676.000,1112.320
348248.000,5982676.000,1112.020
348250.000,5982676.000,1112.040
348252.000,5982676.000,1111.900
348254.000,5982676.000,1111.940
348256.000,5982676.000,1111.810
348258.000,5982676.000,1111.330
348260.000,5982676.000,1111.670
348262.000,5982676.000,1111.490
348264.000,5982676.000,1111.540
348266.000,5982676.000,1111.170
348268.000,5982676.000,1111.250
348270.000,5982676.000,1111.350
348272.000,5982676.000,1112.040
348274.000,5982676.000,1112.230
348276.000,5982676.000,1112.400
348278.000,5982676.000,1112.110
348280.000,5982676.000,1112.060
348282.000,5982676.000,1112.180
348284.000,5982676.000,1112.060
348286.000,5982676.000,1112.030
348288.000,5982676.000,1111.800
348290.000,5982676.000,1111.850
348292.000,5982676.000,1112.060
348294.000,5982676.000,1111.770
348296.000,5982676.000,1111.930
348298.000,5982676.000,1111.990
348300.000,5982676.000,1111.970
348302.000,5982676.000,1111.780
348304.000,5982676.000,1111.820
348306.000,5982676.000,1111.790
348308.000,5982676.000,1111.720
348310.000,5982676.000,1111.800
348312.000,5982676.000,1111.810
348314.000,5982676.000,1111.820
348316.000,5982676.000,1111.900
348318.000,5982676.000,1112.030
348320.000,5982676.000,1112.140
348322.000,5982676.000,1112.200
348324.000,5982676.000,1112.200
348326.000,5982676.000,1112.200
348180.000,5982678.000,1118.610
348182.000,5982678.000,1118.570
348184.000,5982678.000,1118.460
348186.000,5982678.000,1118.310
348188.000,5982678.000,1118.200
348190.000,5982678.000,1118.070
348192.000,5982678.000,1118.020
348194.000,5982678.000,1118.750
348196.000,5982678.000,1119.100
348198.000,5982678.000,1119.070
348200.000,5982678.000,1117.600
348202.000,5982678.000,1113.230
348204.000,5982678.000,1113.210
348206.000,5982678.000,1113.170
348208.000,5982678.000,1113.280
348210.000,5982678.000,1113.390
348212.000,5982678.000,1113.520
348214.000,5982678.000,1113.500
348216.000,5982678.000,1113.310
348218.000,5982678.000,1113.260
348220.000,5982678.000,1113.450
348222.000,5982678.000,1113.500
348224.000,5982678.000,1112.770
348226.000,5982678.000,1111.840
348228.000,5982678.000,1111.790
348230.000,5982678.000,1111.750
348232.000,5982678.000,1111.530
348234.000,5982678.000,1111.300
348236.000,5982678.000,1111.430
348238.000,5982678.000,1111.600
348240.000,5982678.000,1112.110
348242.000,5982678.000,1112.030
348244.000,5982678.000,1112.150
348246.000,5982678.000,1112.150
348248.000,5982678.000,1112.070
348250.000,5982678.000,1111.920
348252.000,5982678.000,1111.980
348254.000,5982678.000,1111.880
348256.000,5982678.000,1111.980
348258.000,5982678.000,1111.680
348260.000,5982678.000,1111.560
348262.000,5982678.000,1111.550
348264.000,5982678.000,1111.460
348266.000,5982678.000,1111.130
348268.000,5982678.000,1110.940
348270.000,5982678.000,1111.590
348272.000,5982678.000,1112.240
348274.000,5982678.000,1112.380
348276.000,5982678.000,1112.280
348278.000,5982678.000,1112.080
348280.000,5982678.000,1111.880
348282.000,5982678.000,1111.710
348284.000,5982678.000,1111.820
348286.000,5982678.000,1111.920
348288.000,5982678.000,1111.830
348290.000,5982678.000,1111.630
348292.000,5982678.000,1112.080
348294.000,5982678.000,1112.070
348296.000,5982678.000,1112.060
348298.000,5982678.000,1112.090
348300.000,5982678.000,1111.880
348302.000,5982678.000,1111.750
348304.000,5982678.000,1111.840
348306.000,5982678.000,1111.730
348308.000,5982678.000,1111.730
348310.000,5982678.000,1111.680
348312.000,5982678.000,1111.760
348314.000,5982678.000,1111.890
348316.000,5982678.000,1111.930
348318.000,5982678.000,1112.030
348320.000,5982678.000,1112.140
348322.000,5982678.000,1112.200
348324.000,5982678.000,1112.200
348326.000,5982678.000,1112.190
348328.000,5982678.000,1112.160
348336.000,5982678.000,1112.050
348338.000,5982678.000,1112.050
348344.000,5982678.000,1112.050
348346.000,5982678.000,1112.060
348348.000,5982678.000,1112.080
348178.000,5982680.000,1118.590
348180.000,5982680.000,1118.630
348182.000,5982680.000,1118.630
348184.000,5982680.000,1118.510
348186.000,5982680.000,1118.380
348188.000,5982680.000,1118.110
348190.000,5982680.000,1118.150
348192.000,5982680.000,1118.140
348194.000,5982680.000,1118.300
348196.000,5982680.000,1118.820
348198.000,5982680.000,1118.820
348200.000,5982680.000,1117.040
348202.000,5982680.000,1113.200
348204.000,5982680.000,1113.170
348206.000,5982680.000,1113.170
348208.000,5982680.000,1113.280
348210.000,5982680.000,1113.450
348212.000,5982680.000,1113.470
348214.000,5982680.000,1113.450
348216.000,5982680.000,1113.380
348218.000,5982680.000,1113.420
348220.000,5982680.000,1113.650
348222.000,5982680.000,1113.550
348224.000,5982680.000,1112.640
348226.000,5982680.000,1111.760
348228.000,5982680.000,1111.790
348230.000,5982680.000,1111.900
348232.000,5982680.000,1111.500
348234.000,5982680.000,1111.270
348236.000,5982680.000,1111.470
348238.000,5982680.000,1111.800
348240.000,5982680.000,1112.130
348242.000,5982680.000,1112.120
348244.000,5982680.000,1112.120
348246.000,5982680.000,1112.050
348248.000,5982680.000,1111.980
348250.000,5982680.000,1111.940
348252.000,5982680.000,1111.890
348254.000,5982680.000,1111.780
348256.000,5982680.000,1111.840
348258.000,5982680.000,1111.720
348260.000,5982680.000,1111.690
348262.000,5982680.000,1111.400
348264.000,5982680.000,1111.290
348266.000,5982680.000,1111.190
348268.000,5982680.000,1111.270
348270.000,5982680.000,1111.690
348272.000,5982680.000,1112.140
348274.000,5982680.000,1112.390
348276.000,5982680.000,1112.490
348278.000,5982680.000,1112.160
348280.000,5982680.000,1111.790
348282.000,5982680.000,1111.330
348284.000,5982680.000,1111.870
348286.000,5982680.000,1112.030
348288.000,5982680.000,1111.910
348290.000,5982680.000,1111.860
348292.000,5982680.000,1111.930
348294.000,5982680.000,1112.080
348296.000,5982680.000,1112.070
348298.000,5982680.000,1112.050
348300.000,5982680.000,1111.970
348302.000,5982680.000,1111.990
348304.000,5982680.000,1111.930
348306.000,5982680.000,1111.820
348308.000,5982680.000,1111.740
348310.000,5982680.000,1111.730
348312.000,5982680.000,1111.740
348314.000,5982680.000,1111.870
348316.000,5982680.000,1111.960
348318.000,5982680.000,1112.000
348320.000,5982680.000,1112.130
348322.000,5982680.000,1112.220
348324.000,5982680.000,1112.170
348326.000,5982680.000,1112.120
348328.000,5982680.000,1112.000
348330.000,5982680.000,1111.910
348332.000,5982680.000,1111.960
348334.000,5982680.000,1112.030
348336.000,5982680.000,1112.050
348338.000,5982680.000,1112.050
348340.000,5982680.000,1112.040
348342.000,5982680.000,1112.020
348344.000,5982680.000,1112.040
348346.000,5982680.000,1112.060
348348.000,5982680.000,1112.090
348350.000,5982680.000,1112.130
348178.000,5982682.000,1118.560
348180.000,5982682.000,1118.540
348182.000,5982682.000,1118.630
348184.000,5982682.000,1118.750
348186.000,5982682.000,1118.290
348188.000,5982682.000,1118.220
348190.000,5982682.000,1118.250
348192.000,5982682.000,1118.150
348194.000,5982682.000,1118.350
348196.000,5982682.000,1118.570
348198.000,5982682.000,1118.620
348200.000,5982682.000,1118.630
348202.000,5982682.000,1115.590
348204.000,5982682.000,1113.170
348206.000,5982682.000,1113.210
348208.000,5982682.000,1113.320
348210.000,5982682.000,1113.330
348212.000,5982682.000,1113.450
348214.000,5982682.000,1113.340
348216.000,5982682.000,1113.420
348218.000,5982682.000,1113.440
348220.000,5982682.000,1113.530
348222.000,5982682.000,1113.260
348224.000,5982682.000,1112.400
348226.000,5982682.000,1112.040
348228.000,5982682.000,1111.700
348230.000,5982682.000,1111.740
348232.000,5982682.000,1111.410
348234.000,5982682.000,1111.380
348236.000,5982682.000,1111.720
348238.000,5982682.000,1111.820
348240.000,5982682.000,1112.220
348242.000,5982682.000,1112.130
348244.000,5982682.000,1111.910
348246.000,5982682.000,1111.980
348248.000,5982682.000,1111.950
348250.000,5982682.000,1111.900
348252.000,5982682.000,1111.860
348254.000,5982682.000,1111.840
348256.000,5982682.000,1111.750
348258.000,5982682.000,1111.670
348260.000,5982682.000,1111.580
348262.000,5982682.000,1111.450
348264.000,5982682.000,1111.280
348266.000,5982682.000,1111.130
348268.000,5982682.000,1111.280
348270.000,5982682.000,1111.940
348272.000,5982682.000,1112.170
348274.000,5982682.000,1112.290
348276.000,5982682.000,1112.450
348278.000,5982682.000,1112.150
348280.000,5982682.000,1112.050
348282.000,5982682.000,1112.220
348284.000,5982682.000,1112.200
348286.000,5982682.000,1112.240
348288.000,5982682.000,1112.010
348290.000,5982682.000,1111.790
348292.000,5982682.000,1111.870
348294.000,5982682.000,1111.970
348296.000,5982682.000,1112.090
348298.000,5982682.000,1112.040
348300.000,5982682.000,1111.960
348302.000,5982682.000,1111.960
348304.000,5982682.000,1112.020
348306.000,5982682.000,1111.820
348308.000,5982682.000,1111.690
348310.000,5982682.000,1111.780
348312.000,5982682.000,1111.780
348314.000,5982682.000,1111.830
348316.000,5982682.000,1111.930
348318.000,5982682.000,1112.030
348320.000,5982682.000,1112.040
348322.000,5982682.000,1112.140
348324.000,5982682.000,1112.160
348326.000,5982682.000,1111.960
348328.000,5982682.000,1111.900
348330.000,5982682.000,1111.850
348332.000,5982682.000,1111.980
348334.000,5982682.000,1112.040
348336.000,5982682.000,1112.050
348338.000,5982682.000,1112.050
348340.000,5982682.000,1112.050
348342.000,5982682.000,1112.000
348344.000,5982682.000,1112.000
348346.000,5982682.000,1112.070
348348.000,5982682.000,1112.100
348350.000,5982682.000,1112.190
348352.000,5982682.000,1112.180
348354.000,5982682.000,1112.550
348178.000,5982684.000,1118.520
348180.000,5982684.000,1118.500
348182.000,5982684.000,1118.370
348184.000,5982684.000,1118.300
348186.000,5982684.000,1118.180
348188.000,5982684.000,1118.130
348190.000,5982684.000,1118.080
348192.000,5982684.000,1118.130
348194.000,5982684.000,1118.260
348196.000,5982684.000,1118.440
348198.000,5982684.000,1118.440
348200.000,5982684.000,1118.340
348202.000,5982684.000,1117.310
348204.000,5982684.000,1114.840
348206.000,5982684.000,1113.280
348208.000,5982684.000,1113.340
348210.000,5982684.000,1113.350
348212.000,5982684.000,1113.200
348214.000,5982684.000,1113.410
348216.000,5982684.000,1113.280
348218.000,5982684.000,1113.560
348220.000,5982684.000,1113.470
348222.000,5982684.000,1113.070
348224.000,5982684.000,1112.670
348226.000,5982684.000,1112.120
348228.000,5982684.000,1111.920
348230.000,5982684.000,1111.710
348232.000,5982684.000,1111.530
348234.000,5982684.000,1111.500
348236.000,5982684.000,1111.550
348238.000,5982684.000,1111.890
348240.000,5982684.000,1112.140
348242.000,5982684.000,1112.070
348244.000,5982684.000,1112.040
348246.000,5982684.000,1111.980
348248.000,5982684.000,1112.020
348250.000,5982684.000,1111.900
348252.000,5982684.000,1111.890
348254.000,5982684.000,1111.840
348256.000,5982684.000,1111.740
348258.000,5982684.000,1111.670
348260.000,5982684.000,1111.600
348262.000,5982684.000,1111.540
348264.000,5982684.000,1111.260
348266.000,5982684.000,1110.970
348268.000,5982684.000,1111.650
348270.000,5982684.000,1112.140
348272.000,5982684.000,1112.220
348274.000,5982684.000,1112.260
348276.000,5982684.000,1112.290
348278.000,5982684.000,1112.230
348280.000,5982684.000,1112.340
348282.000,5982684.000,1112.310
348284.000,5982684.000,1112.280
348286.000,5982684.000,1112.280
348288.000,5982684.000,1112.020
348290.000,5982684.000,1111.660
348292.000,5982684.000,1111.710
348294.000,5982684.000,1111.880
348296.000,5982684.000,1112.110
348298.000,5982684.000,1112.020
348300.000,5982684.000,1111.960
348302.000,5982684.000,1112.000
348304.000,5982684.000,1112.030
348306.000,5982684.000,1111.890
348308.000,5982684.000,1111.620
348310.000,5982684.000,1111.750
348312.000,5982684.000,1111.700
348314.000,5982684.000,1111.710
348316.000,5982684.000,1111.890
348318.000,5982684.000,1111.940
348320.000,5982684.000,1112.210
348322.000,5982684.000,1112.120
348324.000,5982684.000,1112.130
348326.000,5982684.000,1111.940
348328.000,5982684.000,1111.750
348330.000,5982684.000,1111.940
348332.000,5982684.000,1111.980
348334.000,5982684.000,1112.010
348336.000,5982684.000,1112.060
348338.000,5982684.000,1112.040
348340.000,5982684.000,1112.050
348342.000,5982684.000,1112.000
348344.000,5982684.000,1112.000
348346.000,5982684.000,1111.920
348348.000,5982684.000,1112.300
348350.000,5982684.000,1112.170
348352.000,5982684.000,1112.170
348354.000,5982684.000,1112.380
348356.000,5982684.000,1112.930
348358.000,5982684.000,1112.520
348168.000,5982686.000,1119.160
348170.000,5982686.000,1119.160
348176.000,5982686.000,1118.650
348178.000,5982686.000,1118.610
348180.000,5982686.000,1118.420
348182.000,5982686.000,1118.170
348184.000,5982686.000,1117.990
348186.000,5982686.000,1117.960
348188.000,5982686.000,1117.970
348190.000,5982686.000,1117.940
348192.000,5982686.000,1117.920
348194.000,5982686.000,1118.150
348196.000,5982686.000,1118.410
348198.000,5982686.000,1118.340
348200.000,5982686.000,1118.240
348202.000,5982686.000,1118.150
348204.000,5982686.000,1118.070
348206.000,5982686.000,1113.350
348208.000,5982686.000,1113.370
348210.000,5982686.000,1113.350
348212.000,5982686.000,1113.400
348214.000,5982686.000,1113.350
348216.000,5982686.000,1113.380
348218.000,5982686.000,1113.440
348220.000,5982686.000,1113.350
348222.000,5982686.000,1113.080
348224.000,5982686.000,1112.280
348226.000,5982686.000,1112.160
348228.000,5982686.000,1112.050
348230.000,5982686.000,1111.710
348232.000,5982686.000,1111.650
348234.000,5982686.000,1111.360
348236.000,5982686.000,1111.560
348238.000,5982686.000,1111.910
348240.000,5982686.000,1112.130
348242.000,5982686.000,1112.160
348244.000,5982686.000,1112.080
348246.000,5982686.000,1111.970
348248.000,5982686.000,1112.010
348250.000,5982686.000,1111.880
348252.000,5982686.000,1111.840
348254.000,5982686.000,1111.710
348256.000,5982686.000,1111.730
348258.000,5982686.000,1111.610
348260.000,5982686.000,1111.570
348262.000,5982686.000,1111.550
348264.000,5982686.000,1111.290
348266.000,5982686.000,1110.860
348268.000,5982686.000,1111.490
348270.000,5982686.000,1112.100
348272.000,5982686.000,1112.250
348274.000,5982686.000,1112.170
348276.000,5982686.000,1112.240
348278.000,5982686.000,1112.460
348280.000,5982686.000,1112.610
348282.000,5982686.000,1112.030
348284.000,5982686.000,1112.360
348286.000,5982686.000,1112.270
348288.000,5982686.000,1112.030
348290.000,5982686.000,1111.660
348292.000,5982686.000,1111.600
348294.000,5982686.000,1111.780
348296.000,5982686.000,1111.960
348298.000,5982686.000,1112.000
348300.000,5982686.000,1111.980
348302.000,5982686.000,1111.970
348304.000,5982686.000,1112.030
348306.000,5982686.000,1111.940
348308.000,5982686.000,1111.790
348310.000,5982686.000,1111.670
348312.000,5982686.000,1111.610
348314.000,5982686.000,1111.670
348316.000,5982686.000,1111.590
348318.000,5982686.000,1111.900
348320.000,5982686.000,1111.950
348322.000,5982686.000,1112.130
348324.000,5982686.000,1112.130
348326.000,5982686.000,1111.940
348328.000,5982686.000,1112.130
348330.000,5982686.000,1111.970
348332.000,5982686.000,1111.950
348334.000,5982686.000,1112.010
348336.000,5982686.000,1112.050
348338.000,5982686.000,1112.050
348340.000,5982686.000,1112.050
348342.000,5982686.000,1112.040
348344.000,5982686.000,1112.030
348346.000,5982686.000,1112.090
348348.000,5982686.000,1112.040
348350.000,5982686.000,1112.170
348352.000,5982686.000,1112.170
348354.000,5982686.000,1112.320
348356.000,5982686.000,1112.320
348358.000,5982686.000,1112.320
348360.000,5982686.000,1111.780
348166.000,5982688.000,1119.190
348168.000,5982688.000,1119.160
348170.000,5982688.000,1119.160
348172.000,5982688.000,1119.010
348174.000,5982688.000,1118.770
348176.000,5982688.000,1118.640
348178.000,5982688.000,1118.650
348180.000,5982688.000,1118.650
348182.000,5982688.000,1118.180
348184.000,5982688.000,1118.030
348186.000,5982688.000,1117.930
348188.000,5982688.000,1117.700
348190.000,5982688.000,1117.790
348192.000,5982688.000,1117.880
348194.000,5982688.000,1118.070
348196.000,5982688.000,1118.170
348198.000,5982688.000,1118.140
348200.000,5982688.000,1118.060
348202.000,5982688.000,1117.980
348204.000,5982688.000,1118.000
348206.000,5982688.000,1113.340
348208.000,5982688.000,1113.350
348210.000,5982688.000,1113.420
348212.000,5982688.000,1113.440
348214.000,5982688.000,1113.390
348216.000,5982688.000,1113.370
348218.000,5982688.000,1113.210
348220.000,5982688.000,1113.090
348222.000,5982688.000,1112.570
348224.000,5982688.000,1112.040
348226.000,5982688.000,1112.040
348228.000,5982688.000,1112.040
348230.000,5982688.000,1111.700
348232.000,5982688.000,1111.390
348234.000,5982688.000,1111.400
348236.000,5982688.000,1111.590
348238.000,5982688.000,1112.210
348240.000,5982688.000,1112.210
348242.000,5982688.000,1112.110
348244.000,5982688.000,1112.120
348246.000,5982688.000,1112.040
348248.000,5982688.000,1111.880
348250.000,5982688.000,1111.880
348252.000,5982688.000,1111.740
348254.000,5982688.000,1111.700
348256.000,5982688.000,1111.710
348258.000,5982688.000,1111.430
348260.000,5982688.000,1111.560
348262.000,5982688.000,1111.480
348264.000,5982688.000,1111.160
348266.000,5982688.000,1110.940
348268.000,5982688.000,1111.120
348270.000,5982688.000,1112.110
348272.000,5982688.000,1112.300
348274.000,5982688.000,1112.210
348276.000,5982688.000,1112.240
348278.000,5982688.000,1112.310
348280.000,5982688.000,1112.290
348282.000,5982688.000,1112.290
348284.000,5982688.000,1112.160
348286.000,5982688.000,1112.260
348288.000,5982688.000,1112.050
348290.000,5982688.000,1111.740
348292.000,5982688.000,1111.610
348294.000,5982688.000,1111.690
348296.000,5982688.000,1111.740
348298.000,5982688.000,1111.970
348300.000,5982688.000,1111.920
348302.000,5982688.000,1111.940
348304.000,5982688.000,1111.900
348306.000,5982688.000,1111.860
348308.000,5982688.000,1111.890
348310.000,5982688.000,1111.610
348312.000,5982688.000,1111.650
348314.000,5982688.000,1111.670
348316.000,5982688.000,1111.740
348318.000,5982688.000,1111.990
348320.000,5982688.000,1111.960
348322.000,5982688.000,1112.040
348324.000,5982688.000,1112.060
348326.000,5982688.000,1112.080
348328.000,5982688.000,1112.100
348330.000,5982688.000,1112.060
348332.000,5982688.000,1112.010
348334.000,5982688.000,1111.950
348336.000,5982688.000,1111.920
348338.000,5982688.000,1111.910
348340.000,5982688.000,1111.960
348342.000,5982688.000,1112.070
348344.000,5982688.000,1112.150
348346.000,5982688.000,1112.110
348348.000,5982688.000,1112.120
348350.000,5982688.000,1112.110
348352.000,5982688.000,1112.050
348354.000,5982688.000,1111.750
348356.000,5982688.000,1111.700
348358.000,5982688.000,1111.560
348360.000,5982688.000,1111.460
348362.000,5982688.000,1111.430
348164.000,5982690.000,1119.310
348166.000,5982690.000,1119.210
348168.000,5982690.000,1119.190
348170.000,5982690.000,1119.130
348172.000,5982690.000,1118.980
348174.000,5982690.000,1118.780
348176.000,5982690.000,1118.660
348178.000,5982690.000,1118.610
348180.000,5982690.000,1118.680
348182.000,5982690.000,1118.230
348184.000,5982690.000,1118.010
348186.000,5982690.000,1118.060
348188.000,5982690.000,1117.850
348190.000,5982690.000,1117.690
348192.000,5982690.000,1117.630
348194.000,5982690.000,1117.580
348196.000,5982690.000,1117.870
348198.000,5982690.000,1118.100
348200.000,5982690.000,1117.640
348202.000,5982690.000,1117.860
348204.000,5982690.000,1117.870
348206.000,5982690.000,1113.280
348208.000,5982690.000,1113.300
348210.000,5982690.000,1113.290
348212.000,5982690.000,1113.330
348214.000,5982690.000,1113.450
348216.000,5982690.000,1113.320
348218.000,5982690.000,1113.190
348220.000,5982690.000,1113.150
348222.000,5982690.000,1112.330
348224.000,5982690.000,1112.040
348226.000,5982690.000,1112.030
348228.000,5982690.000,1112.040
348230.000,5982690.000,1111.410
348232.000,5982690.000,1111.470
348234.000,5982690.000,1111.530
348236.000,5982690.000,1111.690
348238.000,5982690.000,1112.030
348240.000,5982690.000,1112.140
348242.000,5982690.000,1112.010
348244.000,5982690.000,1112.060
348246.000,5982690.000,1111.950
348248.000,5982690.000,1111.850
348250.000,5982690.000,1111.870
348252.000,5982690.000,1111.750
348254.000,5982690.000,1111.730
348256.000,5982690.000,1111.510
348258.000,5982690.000,1111.390
348260.000,5982690.000,1111.300
348262.000,5982690.000,1111.300
348264.000,5982690.000,1111.050
348266.000,5982690.000,1110.910
348268.000,5982690.000,1111.540
348270.000,5982690.000,1112.140
348272.000,5982690.000,1112.180
348274.000,5982690.000,1112.260
348276.000,5982690.000,1112.230
348278.000,5982690.000,1112.060
348280.000,5982690.000,1112.010
348282.000,5982690.000,1112.150
348284.000,5982690.000,1112.140
348286.000,5982690.000,1112.120
348288.000,5982690.000,1112.010
348290.000,5982690.000,1111.960
348292.000,5982690.000,1111.600
348294.000,5982690.000,1111.540
348296.000,5982690.000,1111.540
348298.000,5982690.000,1111.750
348300.000,5982690.000,1111.930
348302.000,5982690.000,1111.930
348304.000,5982690.000,1111.900
348306.000,5982690.000,1111.860
348308.000,5982690.000,1111.860
348310.000,5982690.000,1111.570
348312.000,5982690.000,1111.600
348314.000,5982690.000,1111.720
348316.000,5982690.000,1111.750
348318.000,5982690.000,1111.780
348320.000,5982690.000,1111.890
348322.000,5982690.000,1111.920
348324.000,5982690.000,1111.980
348326.000,5982690.000,1112.030
348328.000,5982690.000,1112.010
348330.000,5982690.000,1111.990
348332.000,5982690.000,1111.940
348334.000,5982690.000,1111.880
348336.000,5982690.000,1111.790
348338.000,5982690.000,1111.750
348340.000,5982690.000,1111.890
348342.000,5982690.000,1112.150
348344.000,5982690.000,1112.170
348346.000,5982690.000,1112.210
348348.000,5982690.000,1112.150
348350.000,5982690.000,1112.110
348352.000,5982690.000,1111.910
348354.000,5982690.000,1111.920
348356.000,5982690.000,1111.630
348358.000,5982690.000,1111.470
348360.000,5982690.000,1111.440
348362.000,5982690.000,1111.400
348364.000,5982690.000,1111.410
348370.000,5982690.000,1112.570
348162.000,5982692.000,1119.600
348164.000,5982692.000,1119.460
348166.000,5982692.000,1119.250
348168.000,5982692.000,1119.190
348170.000,5982692.000,1119.170
348172.000,5982692.000,1119.000
